tree
version=v4
num_class=1
num_tree_per_iteration=1
label_index=0
max_feature_idx=70
objective=binary sigmoid:1
feature_names=pre14_ret_14h pre14_ret_11_to_14 pre14_close_vs_open9 pre14_range_pct pre14_orb_range_pct pre14_orb_source_hour pre14_close_vs_orb_mid pre14_close_vs_orb_high pre14_close_vs_orb_low pre14_orb_position pre14_orb_breakout_strength pre14_orb_breakdown_strength pre14_pm_high_vs_orb_high pre14_pm_high_breakout_strength pre14_close_orb_high_hold pre14_orb_body_pct pre14_orb_upper_wick_pct pre14_orb_lower_wick_pct pre14_close_above_orb_high pre14_close_below_orb_low pre14_pm_high_above_orb_high pre14_vwap pre14_close_to_vwap pre14_vwap_trend pre14_close_above_vwap pre14_pm_drive pre14_vol_above_vwap_pct pre14_pm_open_to_vwap_am pre14_pm_high_vs_close11 pre14_pm_low_vs_close11 pre14_pm_open_vs_close11 pre14_pm_high_close_spread pre14_volume_until14 pre14_turnover_until14 pre14_am_volume pre14_pm_volume pre14_am_turnover pre14_pm_turnover pre14_pm_am_volume_ratio pre14_pm_am_turnover_ratio pre14_pm_am_volume_rate_ratio pre14_pm_am_turnover_rate_ratio pre14_volume_14h pre14_volume_14h_ratio_to_avg_hourly pre14_am_volume_to_dailyvol_5d pre14_am_volume_to_dailyvol_10d pre14_am_volume_to_dailyvol_20d pre14_until14_volume_to_dailyvol_5d pre14_until14_volume_to_dailyvol_10d pre14_until14_volume_to_dailyvol_20d pre14_am_turnover_to_dailyturnover_5d pre14_am_turnover_to_dailyturnover_10d pre14_am_turnover_to_dailyturnover_20d pre14_until14_turnover_to_dailyturnover_5d pre14_until14_turnover_to_dailyturnover_10d pre14_until14_turnover_to_dailyturnover_20d pre14_volume_until14_ratio_20d pre14_turnover_until14_ratio_20d pre14_tick_size pre14_tick_pct pre14_am_open_low_dist pre14_pm_open_low_dist pre14_am_open_is_low pre14_pm_open_is_low pre14_pm_close_near_high pre14_spread_cost_est pre14_market_cost_est f2_inventory_decay_t1 forensic_inventory_10d_t1 v25_sector_turnover_share_t1 v25_sector_flow_share_t1
feature_infos=[-0.34969323873519897:0.43820226192474365] [-0.36144578456878662:0.40000000596046448] [-0.36666667461395264:0.58333331346511841] [0:0.58333331346511841] [0:0.58333331346511841] [9:10] [-0.30491802096366882:0.39297124743461609] [-0.39736843109130859:0.37974682450294495] [-0.24173912405967712:0.6608695387840271] [-42:46] [0:45] [0:42] [-0.39736843109130859:0.50649350881576538] [0:57.5] [-43:45] [-0.36666667461395264:0.58333331346511841] [0:0.40000000596046448] [0:0.30769231915473938] [0:1] [0:1] [0:1] [4.5477585792541504:366900.125] [-0.26606979966163635:0.26566460728645325] [-0.16831712424755096:0.31874194741249084] [0:1] [-0.4015844464302063:0.35173571109771729] [0:1] [-0.25758320093154907:0.37662336230278015] [-0.089456871151924133:0.50649350881576538] [-0.36144578456878662:0.20000000298023224] [-0.1666666716337204:0.25] [0:0.40555554628372192] [200:6084156928] [10000:3069739794432] [100:4281849600] [100:3217174272] [3300:2834460835840] [2100:2047015124992] [1.4697322967549553e-06:1635116] [1.4678050774818985e-06:1646795.375] [2.2045985588192707e-06:2452674] [2.20170750253601e-06:2470193] [100:3217174272] [1.1532398502822616e-06:1635116] [3.5498630950314691e-06:13012.884765625] [4.356841145636281e-06:6244.3759765625] [2.0259603843442164e-06:9653.662109375] [6.6598069679457694e-05:14928.4130859375] [3.3850243198685348e-05:8481.1845703125] [3.6760106013389304e-05:10970.6572265625] [3.5253540318080923e-06:14743.7373046875] [4.4319494918454438e-06:6510.78955078125] [1.9065533933826373e-06:10065.5302734375] [6.5732434450183064e-05:16810.294921875] [2.3634451281395741e-05:10146.009765625] [2.3911208700155839e-05:12060.205078125] [3.6760106013389304e-05:10970.6572265625] [2.3911208700155839e-05:12060.205078125] [1:25] [6.9463741965591908e-05:0.20000000298023224] [0:0.3975694477558136] [0:0.36144578456878662] [0:1] [0:1] [0:1] [0.00013892748393118382:1] [0.0041389274410903454:1.0039999485015869] [-562737761389.4165:640802425751.33472] [-1361199904000:1513101940500] [1.5295393376197973e-11:0.62323877165365671] [-5625.5553886110456:4536.848996832101]
tree_sizes=3190 3111 3203 3395

Tree=0
num_leaves=28
num_cat=0
split_feature=59 3 3 59 59 59 59 37 37 3 3 15 59 3 8 59 59 49 37 3 3 28 3 69 55 59 37
split_gain=3482.18 1023.08 845.961 463.768 398.817 366.688 331.295 276.067 165.334 139.244 118.287 109.441 93.8489 82.2515 79.6763 70.0166 55.901 52.0003 51.4425 50.1515 49.4793 44.3388 38.7512 33.4354 22.2209 18.8563 2.28547
threshold=0.01619459688663483 0.0056899120099842557 0.015826960094273094 0.0098128137178719061 0.0040028670337051162 0.020040160976350311 0.0073543684557080278 747783264.00000012 3539114496.0000005 0.032258072867989547 0.032258072867989547 0.034982517361640937 0.019704911857843403 0.037514660507440574 0.066666685044765486 0.013378076255321504 0.013378076255321504 0.61666607856750499 14429983.500000002 0.0070922183804214009 0.019607841037213806 0.0038961104582995181 0.020202041603624824 2.4686374404996113e-07 0.38372205197811132 0.0030511077493429188 115837432.00000001
decision_type=10 10 10 10 8 10 8 10 10 10 10 10 10 10 10 10 10 8 10 10 10 10 10 10 8 10 10
left_child=2 5 4 7 8 12 21 11 19 20 16 -4 -2 -9 18 -8 -5 -16 -11 -1 24 -6 -22 -12 -3 -10 -14
right_child=1 9 3 10 6 -7 15 13 25 14 23 -13 26 -15 17 -17 -18 -19 -20 -21 22 -23 -24 -25 -26 -27 -28
leaf_value=-0.62804134341645534 -0.61833927048917448 -0.62575069363624125 -0.61263490725305203 -0.617388553461652 -0.6141027158885306 -0.60298141723363341 -0.61799948274942906 -0.61025995647915798 -0.61431223647782951 -0.62853559750748778 -0.6153875220634345 -0.60746816577052531 -0.65554980879756486 -0.6074456293654461 -0.62884278162571505 -0.62698656681955012 -0.62300045009402261 -0.60830744360375943 -0.62250668240191254 -0.62259089077075447 -0.63892845647286733 -0.61140688062849269 -0.62811470003813974 -0.61190537083149854 -0.63326331249691747 -0.61886492924301628 -0.64650603524106176
leaf_weight=942.66783910989761 27.500559985637665 514.67478787899017 26775.873785257339 2721.2770606577396 5191.1802652478218 59.38577339053154 6551.0108687281609 10593.329071909189 892.85867017507553 928.15537375211716 3164.9030844867229 1773.4247028529644 744.5219412446022 7139.3103791773319 63.911315619945526 368.91375097632408 975.98761329054832 199.91177535057068 1438.2720621824265 2348.2518763244152 439.57212451100349 4920.8329534232616 192.4977460205555 1799.4208202660084 224.8625972867012 672.35603079199791 31.735204428434372
leaf_count=3489 95 1877 89480 9395 17525 184 22711 34814 3018 3446 10779 5712 3234 22994 238 1356 3497 647 5137 8392 1739 16303 713 5982 860 2344 132
internal_value=-0.614251 -0.630657 -0.613212 -0.611886 -0.61654 -0.650386 -0.615098 -0.61109 -0.621602 -0.626397 -0.616142 -0.612313 -0.65394 -0.609125 -0.623702 -0.618477 -0.618865 -0.613298 -0.624875 -0.624155 -0.631557 -0.612788 -0.63566 -0.614119 -0.628028 -0.616251 -0.65523
internal_weight=81696.6 4865 76831.6 54943.5 21888.1 863.143 17031.9 46281.9 4856.13 4001.86 8661.59 28549.3 803.758 17732.6 2630.25 6919.92 3697.26 263.823 2366.43 3290.92 1371.61 10112 632.07 4964.32 739.537 1565.21 776.257
internal_count=276093 18302 257791 182653 75138 3645 57895 153000 17243 14657 29653 95192 3461 57808 9468 24067 12892 885 8583 11881 5189 33828 2452 16761 2737 5362 3366
is_linear=0
shrinkage=1


Tree=1
num_leaves=27
num_cat=0
split_feature=59 3 31 8 59 59 42 3 59 59 3 3 8 64 16 59 59 33 44 33 17 31 26 59 36 33
split_gain=3327.47 873.944 725.825 466.729 416.756 339.615 224.638 176.087 211.158 203.282 120.957 95.0041 78.9285 71.0043 63.1579 59.648 58.1276 54.1951 39.8573 32.483 26.7727 23.0084 21.7917 11.8088 6.52956 1.37751
threshold=0.017369628883898262 0.0056899120099842557 0.0040363310836255559 0.083333369344472899 0.020040160976350311 0.0098128137178719061 2123550.0000000005 0.016393443569540981 0.0040028670337051162 0.0098128137178719061 0.020202041603624824 0.032258072867989547 0.059724958613514907 inf 0.0039062704890966424 0.013722167350351812 0.018561584874987606 32694102.000000004 8.5712122917175311 314384080.00000006 0.0018717832863330843 0.011494256090372803 0.84351003170013439 0.038838613778352744 134812464.00000003 15372083.500000002
decision_type=10 10 10 10 10 10 10 10 8 10 10 10 10 8 10 10 10 10 10 10 10 10 10 10 10 10
left_child=2 4 3 7 25 6 10 8 -1 -9 -4 15 16 19 -8 -7 22 23 -13 -5 -18 -19 -3 -14 -15 -2
right_child=1 12 5 13 -6 11 14 9 -10 -11 -12 18 17 24 -16 -17 20 21 -20 -21 -22 -23 -24 -25 -26 -27
leaf_value=0.0052292150756642602 -0.027894908806532667 0.0050028890802281045 0.013583888130023789 0.016580047424662736 0.026768579380111884 0.010249483854010793 0.016441769398713755 0.013749948785011781 0.010930099989860194 0.0078500782174472077 0.016252748004309009 0.013784710830646578 0.0072778242183906732 0.028169053413073381 0.019625249468155914 0.0034998291177129187 -0.004752772990530848 0.024271633429967444 0.0040682957497057467 0.027745239150465697 2.9549251899366649e-05 0.0068022231387662802 -0.0021578689201222838 -0.0069755456596877312 0.042440742374593554 -0.024416431230449589
leaf_weight=3461.7741217464209 515.90734009444714 701.4696561396122 10955.332188099623 170.66624014079571 61.450389534235001 2182.4972241222858 3878.3987999111414 12418.487600982189 10574.112529665232 2897.1244117319584 18522.139938145876 3991.2239656597376 38.860504552721977 34.651774033904076 7702.7204330563545 698.22454719245434 1153.7497737556696 97.046361342072487 181.01844856142998 345.50970433652401 780.40654616057873 48.252980202436447 221.03868083655834 52.906398072838783 126.73033757507801 270.50192783772945
leaf_count=12327 2264 2505 36740 559 185 7502 12727 41558 36148 10121 60900 13373 136 103 24692 2517 4393 300 647 1041 2880 169 827 204 337 1165
internal_value=0.0130679 -0.00485801 0.0139723 0.0115297 -0.0228281 0.0154962 0.0161937 0.0111492 0.00952547 0.0126355 0.0152619 0.0114317 7.22625e-05 0.0279401 0.0185623 0.00861966 -0.000847 0.011127 0.0133672 0.0241317 -0.00281948 0.0186671 0.00327559 -0.000812482 0.0397254 -0.0267599
internal_weight=82082.2 3941.59 78140.6 30029.1 847.86 48111.6 41058.6 29351.5 14035.9 15315.6 29477.5 7052.96 3093.73 677.558 11581.1 2880.72 2856.66 237.066 4172.24 516.176 1934.16 145.299 922.508 91.7669 161.382 786.409
internal_count=276320 15028 261292 102194 3614 159098 135059 100154 48475 51679 97640 24039 11414 2040 37419 10019 10605 809 14020 1600 7273 469 3332 340 440 3429
is_linear=0
shrinkage=0.02


Tree=2
num_leaves=28
num_cat=0
split_feature=21 65 3 3 65 65 37 37 3 65 0 37 21 21 2 21 37 26 65 69 27 3 48 69 1 55 67
split_gain=3392.3 783.645 708.813 614.604 383.797 270.379 249.819 201.539 188.983 135.683 85.6607 71.3298 64.5615 60.3912 59.613 56.0271 50.9189 37.3965 35.443 29.2275 23.7321 23.6884 23.1501 19.9407 11.453 1.29561 0.244152
threshold=53.080871582031257 0.058910289779305465 0.020618557929992679 0.0056899120099842557 0.10020080581307413 0.012012023944407703 1383507456.0000002 3539114496.0000005 0.038461536169052131 0.021746247075498108 0.0062500101048499354 11727678464.000002 50.000043869018562 74.364292144775405 0.029097991064190868 50.493743896484382 50047366.000000007 0.78674966096878063 0.11383572965860368 1.9010381578195878e-08 -0.0035511509049683805 0.0776779279112816 0.20401577651500705 2.8158019093706072e-06 0.019607875496149067 10.995566844940187 24126701.998743188
decision_type=8 8 10 10 10 10 10 10 8 10 10 10 10 10 10 10 10 10 10 10 10 10 8 8 10 8 10
left_child=3 2 5 4 25 7 10 -2 13 -7 -4 -8 16 17 19 24 18 -3 -5 -10 -18 -17 -16 -15 -14 26 -1
right_child=1 8 6 12 -6 9 11 -9 14 -11 -12 -13 15 23 22 21 20 -19 -20 -21 -22 -23 -24 -25 -26 -27 -28
leaf_value=-0.027292721978188019 0.0060170769623636589 0.0045568287416862321 0.015579547551672348 0.0086132502347337752 0.025011844514663057 0.014981095178209692 0.017352801974568496 0.01286291695797546 0.0088225325796652231 0.011692086207067858 0.013072201658437066 0.020764258408128993 -0.015689762270258301 0.014912536040061916 0 -0.0043153516840942477 0.0012638248663008637 -0.0008758728885834118 -0.0025728081666346082 0.012221206016123694 0.019675684455454055 0.0088287489075116882 0.016713946251429097 0.0073729170635800602 -0.0024871533517530366 -0.018515802588350849 -0.02013617011013304
leaf_weight=721.25385819375515 4676.9484751075506 1973.9915777742863 21068.501672834158 135.71580536663532 60.427938997745514 8371.2429247945547 8761.4246127456427 2733.8449136316776 3630.3824235647917 12816.480044201016 7534.6392812430859 3548.4656421989202 224.51180244982243 161.19312259554863 34.120545074343681 780.65241710841656 45.263029739260674 677.27120766043663 645.55345207452774 1458.8666526377201 78.542805507779121 57.141692116856575 702.07833980023861 1329.6972825229168 32.537918001413345 29.022415548563004 33.940920695662498
leaf_count=3187 16493 7050 69123 473 182 27611 28318 9165 12538 43302 25169 11182 917 533 125 2966 165 2506 2422 4917 251 198 2291 4637 123 123 145
internal_value=0.0127395 0.0135077 0.01426 -0.00871481 -0.0230052 0.0118415 0.0159498 0.00854595 0.00825877 0.012993 0.0149201 0.0183394 -0.00266168 0.00498556 0.0105826 -0.00592721 0.00128078 0.00316555 -0.000604099 0.00980206 0.0131199 -0.00339277 0.0159337 0.00820896 -0.0140813 -0.0267586 -0.0270249
internal_weight=82323.7 79479.1 69511.5 2844.56 844.645 28598.5 40913 7410.79 9967.6 21187.7 28603.1 12309.9 1999.92 4142.15 5825.45 1094.84 905.075 2651.26 781.269 5089.25 123.806 837.794 736.199 1490.89 257.05 784.217 755.195
internal_count=276112 264960 230363 11152 3637 96571 133792 25658 34597 70913 94292 39500 7515 14726 19871 4204 3311 9556 2895 17455 416 3164 2416 5170 1040 3455 3332
is_linear=0
shrinkage=0.02


Tree=3
num_leaves=30
num_cat=0
split_feature=59 14 16 59 37 8 59 59 59 64 59 8 37 59 59 59 53 2 59 59 59 32 70 54 64 50 67 59 37
split_gain=3106.35 709.745 559.977 320.884 313.335 260.868 228.138 277.806 169.153 132.266 128.117 83.6196 77.4984 76.285 75.4503 62.1969 58.5807 44.7169 44.1452 42.7146 38.4395 36.2055 22.8409 20.0287 16.3857 14.9712 11.2455 9.13782 1.16932
threshold=0.017369628883898262 -6.9999613761901847 0.0039840789977461108 0.020040160976350311 302852688.00000006 0.077021952718496337 0.010884373914450409 0.0040028670337051162 0.019704911857843403 inf 0.0097154802642762678 0.055999988690018661 11727678464.000002 0.0039091152139008054 0.013913085684180261 0.0039557311683893212 0.66469866037368786 0.019607875496149067 0.019239217974245552 0.020040160976350311 0.0040675222408026466 208250.00000000003 -5.54447805704913e-05 3.3548611402511601 inf 0.15519738197326663 -2112206656.2141283 0.034130090847611434 14969866.500000002
decision_type=10 10 10 10 10 10 8 10 10 8 10 10 10 10 10 10 10 10 10 10 10 10 8 8 8 10 10 10 10
left_child=2 3 5 8 10 6 7 -1 26 25 13 18 15 -4 -8 -6 27 -12 22 -20 -14 -5 -3 -18 -10 -7 -2 -13 -11
right_child=1 11 4 21 12 9 14 -9 24 28 17 16 20 -15 -16 -17 23 -19 19 -21 -22 -23 -24 -25 -26 -27 -28 -29 -30
leaf_value=0.0088445831430140603 -0.0018454596589244116 0.0077187729886521086 0.0084483960108068853 0.0017536007841344569 0.012987737235407906 0.010958119254475965 0.009201151738087535 0.013175331550990595 -0.0097736649493358162 0.032049914428538093 0.0094020632045576039 0.002448942294381687 0.017183835410198706 0.014510803519037628 0.0040515376887607004 0.016829869027629913 0.010151440719922789 0.014894834122153479 -0.0077407980415844114 -0.00035016902324975195 0.021870123629917328 0.026175341485708312 0.0003002205500615649 0.023095114629075621 -0.027101533370856194 0.02041886744418132 0.013727390792153602 -0.011210435277013559 0.041949433340856136
leaf_weight=7823.1961132884026 65.579582378268242 191.25995227694511 895.57758802175522 48.704775422811508 1984.3860953301191 92.67240634560585 4917.8430531769991 24825.05412453413 26.613545477390289 50.433995589613914 3713.5630673766136 34.4537363499403 1301.6419482529163 14903.792594194412 1495.4971006959677 13707.943832039833 125.05381506681442 721.12794373929501 590.2216671705246 670.26183775067329 1738.9787157475948 49.359566897153854 1222.5758508294821 86.286347359418869 755.42109230160713 419.81735204160213 23.829274564981461 39.978474333882332 118.33715960383415
leaf_count=26863 246 669 3076 175 6591 311 16867 82403 106 142 12711 124 4178 48969 5335 44209 426 2369 2302 2482 5383 147 4495 266 3370 1316 80 159 306
internal_value=0.0124817 -0.00486895 0.0133481 -0.0197066 0.0150534 0.0116754 0.01146 0.0121384 -0.0235692 0.0239562 0.0133226 0 0.0169211 0.0141686 0.00800312 0.0163459 0.0102523 0.0103022 -0.00110257 -0.00382384 0.0198767 0.0143556 0.00131796 0.0156086 -0.0265444 0.0187645 0.00235304 -0.00483251 0.0393583
internal_weight=82639.5 3929.6 78709.9 969.508 38967 39742.9 39061.6 32648.3 871.443 681.261 20234.1 2960.09 18733 15799.4 6413.34 15692.3 285.772 4434.69 2674.32 1260.48 3040.62 98.0643 1413.84 211.34 782.035 512.49 89.4089 74.4322 168.771
internal_count=276076 15047 261029 4124 127486 133543 131468 109266 3802 2075 67125 10923 60361 52045 22202 50800 975 15080 9948 4784 9561 322 5164 692 3476 1627 326 283 448
is_linear=0
shrinkage=0.02


end of trees

feature_importances:
pre14_tick_pct=30
pre14_range_pct=16
pre14_pm_turnover=11
pre14_close_vs_orb_low=5
pre14_spread_cost_est=5
pre14_vwap=4
pre14_turnover_until14=3
pre14_pm_close_near_high=3
v25_sector_turnover_share_t1=3
pre14_close_vs_open9=2
pre14_orb_upper_wick_pct=2
pre14_vol_above_vwap_pct=2
pre14_pm_high_close_spread=2
pre14_until14_turnover_to_dailyturnover_20d=2
f2_inventory_decay_t1=2
pre14_ret_14h=1
pre14_ret_11_to_14=1
pre14_close_orb_high_hold=1
pre14_orb_body_pct=1
pre14_orb_lower_wick_pct=1
pre14_pm_open_to_vwap_am=1
pre14_pm_high_vs_close11=1
pre14_volume_until14=1
pre14_am_turnover=1
pre14_volume_14h=1
pre14_am_volume_to_dailyvol_5d=1
pre14_until14_volume_to_dailyvol_10d=1
pre14_until14_volume_to_dailyvol_20d=1
pre14_am_turnover_to_dailyturnover_5d=1
pre14_until14_turnover_to_dailyturnover_5d=1
pre14_until14_turnover_to_dailyturnover_10d=1
v25_sector_flow_share_t1=1

parameters:
[boosting: gbdt]
[objective: binary]
[metric: auc,average_precision,binary_logloss]
[tree_learner: serial]
[device_type: cpu]
[data_sample_strategy: bagging]
[data: ]
[valid: ]
[num_iterations: 4000]
[learning_rate: 0.02]
[num_leaves: 31]
[num_threads: 4]
[seed: 42]
[deterministic: 0]
[force_col_wise: 1]
[force_row_wise: 0]
[histogram_pool_size: -1]
[max_depth: 5]
[min_data_in_leaf: 100]
[min_sum_hessian_in_leaf: 0.001]
[bagging_fraction: 0.8]
[pos_bagging_fraction: 1]
[neg_bagging_fraction: 1]
[bagging_freq: 1]
[bagging_seed: 400]
[bagging_by_query: 0]
[feature_fraction: 0.6]
[feature_fraction_bynode: 1]
[feature_fraction_seed: 30056]
[extra_trees: 0]
[extra_seed: 12879]
[early_stopping_round: 0]
[early_stopping_min_delta: 0]
[first_metric_only: 0]
[max_delta_step: 0]
[lambda_l1: 0.5]
[lambda_l2: 1.5]
[linear_lambda: 0]
[min_gain_to_split: 0.05]
[drop_rate: 0.1]
[max_drop: 50]
[skip_drop: 0.5]
[xgboost_dart_mode: 0]
[uniform_drop: 0]
[drop_seed: 17869]
[top_rate: 0.2]
[other_rate: 0.1]
[min_data_per_group: 100]
[max_cat_threshold: 32]
[cat_l2: 10]
[cat_smooth: 10]
[max_cat_to_onehot: 4]
[top_k: 20]
[monotone_constraints: ]
[monotone_constraints_method: basic]
[monotone_penalty: 0]
[feature_contri: ]
[forcedsplits_filename: ]
[refit_decay_rate: 0.9]
[cegb_tradeoff: 1]
[cegb_penalty_split: 0]
[cegb_penalty_feature_lazy: ]
[cegb_penalty_feature_coupled: ]
[path_smooth: 0]
[interaction_constraints: ]
[verbosity: -1]
[saved_feature_importance_type: 0]
[use_quantized_grad: 0]
[num_grad_quant_bins: 4]
[quant_train_renew_leaf: 0]
[stochastic_rounding: 1]
[linear_tree: 0]
[max_bin: 255]
[max_bin_by_feature: ]
[min_data_in_bin: 3]
[bin_construct_sample_cnt: 200000]
[data_random_seed: 175]
[is_enable_sparse: 1]
[enable_bundle: 1]
[use_missing: 1]
[zero_as_missing: 0]
[feature_pre_filter: 1]
[pre_partition: 0]
[two_round: 0]
[header: 0]
[label_column: ]
[weight_column: ]
[group_column: ]
[ignore_column: ]
[categorical_feature: ]
[forcedbins_filename: ]
[precise_float_parser: 0]
[parser_config_file: ]
[objective_seed: 16083]
[num_class: 1]
[is_unbalance: 0]
[scale_pos_weight: 1.87322]
[sigmoid: 1]
[boost_from_average: 1]
[reg_sqrt: 0]
[alpha: 0.9]
[fair_c: 1]
[poisson_max_delta_step: 0.7]
[tweedie_variance_power: 1.5]
[lambdarank_truncation_level: 30]
[lambdarank_norm: 1]
[label_gain: ]
[lambdarank_position_bias_regularization: 0]
[eval_at: ]
[multi_error_top_k: 1]
[auc_mu_weights: ]
[num_machines: 1]
[local_listen_port: 12400]
[time_out: 120]
[machine_list_filename: ]
[machines: ]
[gpu_platform_id: -1]
[gpu_device_id: -1]
[gpu_use_dp: 0]
[num_gpu: 1]

end of parameters

pandas_categorical:[]
